{
 "cells": [
  {
   "cell_type": "code",
   "execution_count": 1,
   "id": "7af29eb5",
   "metadata": {},
   "outputs": [],
   "source": [
    "import matplotlib.pyplot as plt\n",
    "%matplotlib inline\n",
    "import seaborn as sns\n",
    "import pandas as pd\n",
    "import numpy as np\n",
    "from sklearn.preprocessing import LabelEncoder\n",
    "from sklearn import linear_model\n",
    "from sklearn.metrics import mean_squared_error\n",
    "from sklearn.metrics import r2_score\n",
    "from sklearn.preprocessing import MinMaxScaler\n",
    "from sklearn.preprocessing import StandardScaler\n",
    "from sklearn.model_selection import train_test_split\n",
    "from sklearn.linear_model import LinearRegression as LinReg"
   ]
  },
  {
   "cell_type": "markdown",
   "id": "61f646f9",
   "metadata": {},
   "source": [
    "We decided to drop many columns after analysimng the data and seeing that it was too complicated to incorporate some columns, as in our opinion, the relevance they represented in the data was not nig enough.\n",
    "and also to make the analysis more simple.\n",
    "columns out :\n",
    "'weigth','value','w/f','sm','a/w','d/w','ir','ls','st','rs','lw','lf','cf','rf','rw','lam','cam','ram','lm','lcm','cm','rcm','rm','lwb','ldm','cdm','rdm','rwb','lb','lcb','cb','rcb','rb','gk',"
   ]
  },
  {
   "cell_type": "code",
   "execution_count": 2,
   "id": "e406128b",
   "metadata": {},
   "outputs": [],
   "source": [
    "def clean_fifa21(df):\n",
    "  \n",
    "    cols = []\n",
    "    for i in range(len(df.columns)):\n",
    "        cols.append(df.columns[i].lower().replace(' ', '_'))\n",
    "    df.columns = cols\n",
    "    \n",
    "    df_num = df._get_numeric_data()\n",
    "    df_num = df_num[df_num['volleys'].isna()==False]\n",
    "    df_num = df_num[df_num['composure'].isna()==False]\n",
    "    \n",
    "    list_dummies = ['ls','st','rs','lw','lf','cf','rf','rw','lam','cam','ram','lm','lcm','cm','rcm','rm','lwb','ldm','cdm','rdm','rwb','lb','lcb','cb','rcb','rb','gk',]\n",
    "    for col in df[list_dummies]:\n",
    "        df[col] = df[col].str.split(\"+\", n = 1, expand = True)[0]\n",
    "    \n",
    "    dummies_2 = ['w/f','sm','ir']\n",
    "    for col in df[dummies_2]:\n",
    "        df[col] = df[col].str.split(\" \", n = 1, expand = True)[0]\n",
    "    \n",
    "    valid_columns = ['age','foot','growth','attacking','skill','movement','power','mentality','defending','goalkeeping','base_stats','pac','sho','pas','dri','phy','ova']\n",
    "\n",
    "    from sklearn.preprocessing import LabelEncoder\n",
    "    label_encoded = LabelEncoder().fit(df['foot']).transform(df['foot']) # ordered wrt value counts\n",
    "    label_encoded = pd.DataFrame(label_encoded)\n",
    "    # label_encoded['foot'].value_counts()\n",
    "    df['foot']= label_encoded\n",
    "    \n",
    "\n",
    "    return df[valid_columns]\n",
    "    "
   ]
  },
  {
   "cell_type": "code",
   "execution_count": 3,
   "id": "bf40e9a7",
   "metadata": {},
   "outputs": [
    {
     "data": {
      "text/html": [
       "<div>\n",
       "<style scoped>\n",
       "    .dataframe tbody tr th:only-of-type {\n",
       "        vertical-align: middle;\n",
       "    }\n",
       "\n",
       "    .dataframe tbody tr th {\n",
       "        vertical-align: top;\n",
       "    }\n",
       "\n",
       "    .dataframe thead th {\n",
       "        text-align: right;\n",
       "    }\n",
       "</style>\n",
       "<table border=\"1\" class=\"dataframe\">\n",
       "  <thead>\n",
       "    <tr style=\"text-align: right;\">\n",
       "      <th></th>\n",
       "      <th>age</th>\n",
       "      <th>foot</th>\n",
       "      <th>growth</th>\n",
       "      <th>attacking</th>\n",
       "      <th>skill</th>\n",
       "      <th>movement</th>\n",
       "      <th>power</th>\n",
       "      <th>mentality</th>\n",
       "      <th>defending</th>\n",
       "      <th>goalkeeping</th>\n",
       "      <th>base_stats</th>\n",
       "      <th>pac</th>\n",
       "      <th>sho</th>\n",
       "      <th>pas</th>\n",
       "      <th>dri</th>\n",
       "      <th>phy</th>\n",
       "      <th>ova</th>\n",
       "    </tr>\n",
       "  </thead>\n",
       "  <tbody>\n",
       "    <tr>\n",
       "      <th>0</th>\n",
       "      <td>26</td>\n",
       "      <td>1</td>\n",
       "      <td>1</td>\n",
       "      <td>258</td>\n",
       "      <td>286</td>\n",
       "      <td>346</td>\n",
       "      <td>306</td>\n",
       "      <td>290</td>\n",
       "      <td>148</td>\n",
       "      <td>48</td>\n",
       "      <td>357</td>\n",
       "      <td>69</td>\n",
       "      <td>51</td>\n",
       "      <td>63</td>\n",
       "      <td>63</td>\n",
       "      <td>60</td>\n",
       "      <td>64</td>\n",
       "    </tr>\n",
       "    <tr>\n",
       "      <th>1</th>\n",
       "      <td>30</td>\n",
       "      <td>1</td>\n",
       "      <td>0</td>\n",
       "      <td>365</td>\n",
       "      <td>375</td>\n",
       "      <td>404</td>\n",
       "      <td>372</td>\n",
       "      <td>313</td>\n",
       "      <td>77</td>\n",
       "      <td>55</td>\n",
       "      <td>412</td>\n",
       "      <td>83</td>\n",
       "      <td>75</td>\n",
       "      <td>68</td>\n",
       "      <td>82</td>\n",
       "      <td>71</td>\n",
       "      <td>77</td>\n",
       "    </tr>\n",
       "    <tr>\n",
       "      <th>2</th>\n",
       "      <td>33</td>\n",
       "      <td>1</td>\n",
       "      <td>0</td>\n",
       "      <td>336</td>\n",
       "      <td>424</td>\n",
       "      <td>424</td>\n",
       "      <td>308</td>\n",
       "      <td>332</td>\n",
       "      <td>80</td>\n",
       "      <td>21</td>\n",
       "      <td>404</td>\n",
       "      <td>80</td>\n",
       "      <td>77</td>\n",
       "      <td>78</td>\n",
       "      <td>86</td>\n",
       "      <td>56</td>\n",
       "      <td>80</td>\n",
       "    </tr>\n",
       "    <tr>\n",
       "      <th>3</th>\n",
       "      <td>22</td>\n",
       "      <td>1</td>\n",
       "      <td>13</td>\n",
       "      <td>242</td>\n",
       "      <td>259</td>\n",
       "      <td>282</td>\n",
       "      <td>277</td>\n",
       "      <td>257</td>\n",
       "      <td>168</td>\n",
       "      <td>42</td>\n",
       "      <td>329</td>\n",
       "      <td>57</td>\n",
       "      <td>44</td>\n",
       "      <td>54</td>\n",
       "      <td>57</td>\n",
       "      <td>60</td>\n",
       "      <td>59</td>\n",
       "    </tr>\n",
       "    <tr>\n",
       "      <th>4</th>\n",
       "      <td>23</td>\n",
       "      <td>1</td>\n",
       "      <td>8</td>\n",
       "      <td>249</td>\n",
       "      <td>280</td>\n",
       "      <td>324</td>\n",
       "      <td>280</td>\n",
       "      <td>294</td>\n",
       "      <td>185</td>\n",
       "      <td>52</td>\n",
       "      <td>360</td>\n",
       "      <td>66</td>\n",
       "      <td>44</td>\n",
       "      <td>60</td>\n",
       "      <td>64</td>\n",
       "      <td>66</td>\n",
       "      <td>65</td>\n",
       "    </tr>\n",
       "    <tr>\n",
       "      <th>...</th>\n",
       "      <td>...</td>\n",
       "      <td>...</td>\n",
       "      <td>...</td>\n",
       "      <td>...</td>\n",
       "      <td>...</td>\n",
       "      <td>...</td>\n",
       "      <td>...</td>\n",
       "      <td>...</td>\n",
       "      <td>...</td>\n",
       "      <td>...</td>\n",
       "      <td>...</td>\n",
       "      <td>...</td>\n",
       "      <td>...</td>\n",
       "      <td>...</td>\n",
       "      <td>...</td>\n",
       "      <td>...</td>\n",
       "      <td>...</td>\n",
       "    </tr>\n",
       "    <tr>\n",
       "      <th>11696</th>\n",
       "      <td>25</td>\n",
       "      <td>0</td>\n",
       "      <td>5</td>\n",
       "      <td>224</td>\n",
       "      <td>248</td>\n",
       "      <td>333</td>\n",
       "      <td>273</td>\n",
       "      <td>266</td>\n",
       "      <td>184</td>\n",
       "      <td>61</td>\n",
       "      <td>347</td>\n",
       "      <td>75</td>\n",
       "      <td>28</td>\n",
       "      <td>56</td>\n",
       "      <td>59</td>\n",
       "      <td>69</td>\n",
       "      <td>65</td>\n",
       "    </tr>\n",
       "    <tr>\n",
       "      <th>11697</th>\n",
       "      <td>27</td>\n",
       "      <td>1</td>\n",
       "      <td>4</td>\n",
       "      <td>84</td>\n",
       "      <td>96</td>\n",
       "      <td>237</td>\n",
       "      <td>217</td>\n",
       "      <td>101</td>\n",
       "      <td>41</td>\n",
       "      <td>347</td>\n",
       "      <td>387</td>\n",
       "      <td>72</td>\n",
       "      <td>67</td>\n",
       "      <td>66</td>\n",
       "      <td>72</td>\n",
       "      <td>70</td>\n",
       "      <td>70</td>\n",
       "    </tr>\n",
       "    <tr>\n",
       "      <th>11698</th>\n",
       "      <td>22</td>\n",
       "      <td>1</td>\n",
       "      <td>8</td>\n",
       "      <td>286</td>\n",
       "      <td>291</td>\n",
       "      <td>388</td>\n",
       "      <td>278</td>\n",
       "      <td>241</td>\n",
       "      <td>62</td>\n",
       "      <td>57</td>\n",
       "      <td>337</td>\n",
       "      <td>76</td>\n",
       "      <td>60</td>\n",
       "      <td>60</td>\n",
       "      <td>72</td>\n",
       "      <td>43</td>\n",
       "      <td>67</td>\n",
       "    </tr>\n",
       "    <tr>\n",
       "      <th>11699</th>\n",
       "      <td>26</td>\n",
       "      <td>1</td>\n",
       "      <td>7</td>\n",
       "      <td>254</td>\n",
       "      <td>284</td>\n",
       "      <td>198</td>\n",
       "      <td>258</td>\n",
       "      <td>241</td>\n",
       "      <td>113</td>\n",
       "      <td>81</td>\n",
       "      <td>400</td>\n",
       "      <td>72</td>\n",
       "      <td>63</td>\n",
       "      <td>70</td>\n",
       "      <td>72</td>\n",
       "      <td>66</td>\n",
       "      <td>68</td>\n",
       "    </tr>\n",
       "    <tr>\n",
       "      <th>11700</th>\n",
       "      <td>22</td>\n",
       "      <td>0</td>\n",
       "      <td>9</td>\n",
       "      <td>289</td>\n",
       "      <td>267</td>\n",
       "      <td>391</td>\n",
       "      <td>312</td>\n",
       "      <td>244</td>\n",
       "      <td>56</td>\n",
       "      <td>48</td>\n",
       "      <td>336</td>\n",
       "      <td>79</td>\n",
       "      <td>62</td>\n",
       "      <td>56</td>\n",
       "      <td>67</td>\n",
       "      <td>48</td>\n",
       "      <td>64</td>\n",
       "    </tr>\n",
       "  </tbody>\n",
       "</table>\n",
       "<p>11701 rows × 17 columns</p>\n",
       "</div>"
      ],
      "text/plain": [
       "       age  foot  growth  attacking  skill  movement  power  mentality  \\\n",
       "0       26     1       1        258    286       346    306        290   \n",
       "1       30     1       0        365    375       404    372        313   \n",
       "2       33     1       0        336    424       424    308        332   \n",
       "3       22     1      13        242    259       282    277        257   \n",
       "4       23     1       8        249    280       324    280        294   \n",
       "...    ...   ...     ...        ...    ...       ...    ...        ...   \n",
       "11696   25     0       5        224    248       333    273        266   \n",
       "11697   27     1       4         84     96       237    217        101   \n",
       "11698   22     1       8        286    291       388    278        241   \n",
       "11699   26     1       7        254    284       198    258        241   \n",
       "11700   22     0       9        289    267       391    312        244   \n",
       "\n",
       "       defending  goalkeeping  base_stats  pac  sho  pas  dri  phy  ova  \n",
       "0            148           48         357   69   51   63   63   60   64  \n",
       "1             77           55         412   83   75   68   82   71   77  \n",
       "2             80           21         404   80   77   78   86   56   80  \n",
       "3            168           42         329   57   44   54   57   60   59  \n",
       "4            185           52         360   66   44   60   64   66   65  \n",
       "...          ...          ...         ...  ...  ...  ...  ...  ...  ...  \n",
       "11696        184           61         347   75   28   56   59   69   65  \n",
       "11697         41          347         387   72   67   66   72   70   70  \n",
       "11698         62           57         337   76   60   60   72   43   67  \n",
       "11699        113           81         400   72   63   70   72   66   68  \n",
       "11700         56           48         336   79   62   56   67   48   64  \n",
       "\n",
       "[11701 rows x 17 columns]"
      ]
     },
     "execution_count": 3,
     "metadata": {},
     "output_type": "execute_result"
    }
   ],
   "source": [
    "data = pd.read_csv('fifa21_train.csv')\n",
    "fifa = clean_fifa21(data)\n",
    "fifa\n"
   ]
  },
  {
   "cell_type": "code",
   "execution_count": 4,
   "id": "8af9873b",
   "metadata": {},
   "outputs": [
    {
     "data": {
      "text/html": [
       "<div>\n",
       "<style scoped>\n",
       "    .dataframe tbody tr th:only-of-type {\n",
       "        vertical-align: middle;\n",
       "    }\n",
       "\n",
       "    .dataframe tbody tr th {\n",
       "        vertical-align: top;\n",
       "    }\n",
       "\n",
       "    .dataframe thead th {\n",
       "        text-align: right;\n",
       "    }\n",
       "</style>\n",
       "<table border=\"1\" class=\"dataframe\">\n",
       "  <thead>\n",
       "    <tr style=\"text-align: right;\">\n",
       "      <th></th>\n",
       "      <th>age</th>\n",
       "      <th>foot</th>\n",
       "      <th>growth</th>\n",
       "      <th>attacking</th>\n",
       "      <th>skill</th>\n",
       "      <th>movement</th>\n",
       "      <th>power</th>\n",
       "      <th>mentality</th>\n",
       "      <th>defending</th>\n",
       "      <th>goalkeeping</th>\n",
       "      <th>base_stats</th>\n",
       "      <th>pac</th>\n",
       "      <th>sho</th>\n",
       "      <th>pas</th>\n",
       "      <th>dri</th>\n",
       "      <th>phy</th>\n",
       "      <th>ova</th>\n",
       "    </tr>\n",
       "  </thead>\n",
       "  <tbody>\n",
       "    <tr>\n",
       "      <th>age</th>\n",
       "      <td>1.000000</td>\n",
       "      <td>0.014945</td>\n",
       "      <td>-0.854136</td>\n",
       "      <td>0.191137</td>\n",
       "      <td>0.175981</td>\n",
       "      <td>-0.051802</td>\n",
       "      <td>0.314169</td>\n",
       "      <td>0.278804</td>\n",
       "      <td>0.117902</td>\n",
       "      <td>0.120656</td>\n",
       "      <td>0.417633</td>\n",
       "      <td>-0.176232</td>\n",
       "      <td>0.311175</td>\n",
       "      <td>0.402361</td>\n",
       "      <td>0.242675</td>\n",
       "      <td>0.434448</td>\n",
       "      <td>0.519799</td>\n",
       "    </tr>\n",
       "    <tr>\n",
       "      <th>foot</th>\n",
       "      <td>0.014945</td>\n",
       "      <td>1.000000</td>\n",
       "      <td>0.008409</td>\n",
       "      <td>-0.084806</td>\n",
       "      <td>-0.131803</td>\n",
       "      <td>-0.102549</td>\n",
       "      <td>-0.024835</td>\n",
       "      <td>-0.086075</td>\n",
       "      <td>-0.109072</td>\n",
       "      <td>0.098895</td>\n",
       "      <td>-0.041586</td>\n",
       "      <td>-0.058729</td>\n",
       "      <td>0.052458</td>\n",
       "      <td>-0.055750</td>\n",
       "      <td>-0.039937</td>\n",
       "      <td>0.052788</td>\n",
       "      <td>-0.022588</td>\n",
       "    </tr>\n",
       "    <tr>\n",
       "      <th>growth</th>\n",
       "      <td>-0.854136</td>\n",
       "      <td>0.008409</td>\n",
       "      <td>1.000000</td>\n",
       "      <td>-0.281668</td>\n",
       "      <td>-0.262893</td>\n",
       "      <td>-0.101370</td>\n",
       "      <td>-0.427800</td>\n",
       "      <td>-0.348028</td>\n",
       "      <td>-0.157743</td>\n",
       "      <td>-0.050320</td>\n",
       "      <td>-0.516137</td>\n",
       "      <td>0.019677</td>\n",
       "      <td>-0.334891</td>\n",
       "      <td>-0.439781</td>\n",
       "      <td>-0.320569</td>\n",
       "      <td>-0.484123</td>\n",
       "      <td>-0.596642</td>\n",
       "    </tr>\n",
       "    <tr>\n",
       "      <th>attacking</th>\n",
       "      <td>0.191137</td>\n",
       "      <td>-0.084806</td>\n",
       "      <td>-0.281668</td>\n",
       "      <td>1.000000</td>\n",
       "      <td>0.928584</td>\n",
       "      <td>0.692493</td>\n",
       "      <td>0.823527</td>\n",
       "      <td>0.888604</td>\n",
       "      <td>0.311367</td>\n",
       "      <td>-0.769826</td>\n",
       "      <td>0.425923</td>\n",
       "      <td>0.181119</td>\n",
       "      <td>0.349931</td>\n",
       "      <td>0.370180</td>\n",
       "      <td>0.379978</td>\n",
       "      <td>0.107896</td>\n",
       "      <td>0.433092</td>\n",
       "    </tr>\n",
       "    <tr>\n",
       "      <th>skill</th>\n",
       "      <td>0.175981</td>\n",
       "      <td>-0.131803</td>\n",
       "      <td>-0.262893</td>\n",
       "      <td>0.928584</td>\n",
       "      <td>1.000000</td>\n",
       "      <td>0.725776</td>\n",
       "      <td>0.753061</td>\n",
       "      <td>0.885893</td>\n",
       "      <td>0.370432</td>\n",
       "      <td>-0.716263</td>\n",
       "      <td>0.499657</td>\n",
       "      <td>0.217046</td>\n",
       "      <td>0.325009</td>\n",
       "      <td>0.514101</td>\n",
       "      <td>0.486271</td>\n",
       "      <td>0.031079</td>\n",
       "      <td>0.442666</td>\n",
       "    </tr>\n",
       "    <tr>\n",
       "      <th>movement</th>\n",
       "      <td>-0.051802</td>\n",
       "      <td>-0.102549</td>\n",
       "      <td>-0.101370</td>\n",
       "      <td>0.692493</td>\n",
       "      <td>0.725776</td>\n",
       "      <td>1.000000</td>\n",
       "      <td>0.560489</td>\n",
       "      <td>0.610661</td>\n",
       "      <td>0.174070</td>\n",
       "      <td>-0.563037</td>\n",
       "      <td>0.450295</td>\n",
       "      <td>0.705488</td>\n",
       "      <td>0.227513</td>\n",
       "      <td>0.307423</td>\n",
       "      <td>0.497619</td>\n",
       "      <td>-0.111590</td>\n",
       "      <td>0.304496</td>\n",
       "    </tr>\n",
       "    <tr>\n",
       "      <th>power</th>\n",
       "      <td>0.314169</td>\n",
       "      <td>-0.024835</td>\n",
       "      <td>-0.427800</td>\n",
       "      <td>0.823527</td>\n",
       "      <td>0.753061</td>\n",
       "      <td>0.560489</td>\n",
       "      <td>1.000000</td>\n",
       "      <td>0.823428</td>\n",
       "      <td>0.361816</td>\n",
       "      <td>-0.573683</td>\n",
       "      <td>0.573182</td>\n",
       "      <td>0.157692</td>\n",
       "      <td>0.374796</td>\n",
       "      <td>0.355994</td>\n",
       "      <td>0.332691</td>\n",
       "      <td>0.519953</td>\n",
       "      <td>0.547839</td>\n",
       "    </tr>\n",
       "    <tr>\n",
       "      <th>mentality</th>\n",
       "      <td>0.278804</td>\n",
       "      <td>-0.086075</td>\n",
       "      <td>-0.348028</td>\n",
       "      <td>0.888604</td>\n",
       "      <td>0.885893</td>\n",
       "      <td>0.610661</td>\n",
       "      <td>0.823428</td>\n",
       "      <td>1.000000</td>\n",
       "      <td>0.587906</td>\n",
       "      <td>-0.727656</td>\n",
       "      <td>0.515576</td>\n",
       "      <td>0.065620</td>\n",
       "      <td>0.186766</td>\n",
       "      <td>0.408774</td>\n",
       "      <td>0.308240</td>\n",
       "      <td>0.312193</td>\n",
       "      <td>0.494590</td>\n",
       "    </tr>\n",
       "    <tr>\n",
       "      <th>defending</th>\n",
       "      <td>0.117902</td>\n",
       "      <td>-0.109072</td>\n",
       "      <td>-0.157743</td>\n",
       "      <td>0.311367</td>\n",
       "      <td>0.370432</td>\n",
       "      <td>0.174070</td>\n",
       "      <td>0.361816</td>\n",
       "      <td>0.587906</td>\n",
       "      <td>1.000000</td>\n",
       "      <td>-0.496275</td>\n",
       "      <td>0.221140</td>\n",
       "      <td>-0.213725</td>\n",
       "      <td>-0.485337</td>\n",
       "      <td>0.061623</td>\n",
       "      <td>-0.205621</td>\n",
       "      <td>0.388696</td>\n",
       "      <td>0.243725</td>\n",
       "    </tr>\n",
       "    <tr>\n",
       "      <th>goalkeeping</th>\n",
       "      <td>0.120656</td>\n",
       "      <td>0.098895</td>\n",
       "      <td>-0.050320</td>\n",
       "      <td>-0.769826</td>\n",
       "      <td>-0.716263</td>\n",
       "      <td>-0.563037</td>\n",
       "      <td>-0.573683</td>\n",
       "      <td>-0.727656</td>\n",
       "      <td>-0.496275</td>\n",
       "      <td>1.000000</td>\n",
       "      <td>0.097712</td>\n",
       "      <td>-0.004254</td>\n",
       "      <td>0.246624</td>\n",
       "      <td>0.171304</td>\n",
       "      <td>0.160553</td>\n",
       "      <td>0.062021</td>\n",
       "      <td>0.038584</td>\n",
       "    </tr>\n",
       "    <tr>\n",
       "      <th>base_stats</th>\n",
       "      <td>0.417633</td>\n",
       "      <td>-0.041586</td>\n",
       "      <td>-0.516137</td>\n",
       "      <td>0.425923</td>\n",
       "      <td>0.499657</td>\n",
       "      <td>0.450295</td>\n",
       "      <td>0.573182</td>\n",
       "      <td>0.515576</td>\n",
       "      <td>0.221140</td>\n",
       "      <td>0.097712</td>\n",
       "      <td>1.000000</td>\n",
       "      <td>0.439814</td>\n",
       "      <td>0.617893</td>\n",
       "      <td>0.850402</td>\n",
       "      <td>0.801646</td>\n",
       "      <td>0.491160</td>\n",
       "      <td>0.834331</td>\n",
       "    </tr>\n",
       "    <tr>\n",
       "      <th>pac</th>\n",
       "      <td>-0.176232</td>\n",
       "      <td>-0.058729</td>\n",
       "      <td>0.019677</td>\n",
       "      <td>0.181119</td>\n",
       "      <td>0.217046</td>\n",
       "      <td>0.705488</td>\n",
       "      <td>0.157692</td>\n",
       "      <td>0.065620</td>\n",
       "      <td>-0.213725</td>\n",
       "      <td>-0.004254</td>\n",
       "      <td>0.439814</td>\n",
       "      <td>1.000000</td>\n",
       "      <td>0.305295</td>\n",
       "      <td>0.248108</td>\n",
       "      <td>0.523442</td>\n",
       "      <td>-0.121209</td>\n",
       "      <td>0.206624</td>\n",
       "    </tr>\n",
       "    <tr>\n",
       "      <th>sho</th>\n",
       "      <td>0.311175</td>\n",
       "      <td>0.052458</td>\n",
       "      <td>-0.334891</td>\n",
       "      <td>0.349931</td>\n",
       "      <td>0.325009</td>\n",
       "      <td>0.227513</td>\n",
       "      <td>0.374796</td>\n",
       "      <td>0.186766</td>\n",
       "      <td>-0.485337</td>\n",
       "      <td>0.246624</td>\n",
       "      <td>0.617893</td>\n",
       "      <td>0.305295</td>\n",
       "      <td>1.000000</td>\n",
       "      <td>0.651772</td>\n",
       "      <td>0.764479</td>\n",
       "      <td>0.057520</td>\n",
       "      <td>0.492019</td>\n",
       "    </tr>\n",
       "    <tr>\n",
       "      <th>pas</th>\n",
       "      <td>0.402361</td>\n",
       "      <td>-0.055750</td>\n",
       "      <td>-0.439781</td>\n",
       "      <td>0.370180</td>\n",
       "      <td>0.514101</td>\n",
       "      <td>0.307423</td>\n",
       "      <td>0.355994</td>\n",
       "      <td>0.408774</td>\n",
       "      <td>0.061623</td>\n",
       "      <td>0.171304</td>\n",
       "      <td>0.850402</td>\n",
       "      <td>0.248108</td>\n",
       "      <td>0.651772</td>\n",
       "      <td>1.000000</td>\n",
       "      <td>0.820455</td>\n",
       "      <td>0.177747</td>\n",
       "      <td>0.703290</td>\n",
       "    </tr>\n",
       "    <tr>\n",
       "      <th>dri</th>\n",
       "      <td>0.242675</td>\n",
       "      <td>-0.039937</td>\n",
       "      <td>-0.320569</td>\n",
       "      <td>0.379978</td>\n",
       "      <td>0.486271</td>\n",
       "      <td>0.497619</td>\n",
       "      <td>0.332691</td>\n",
       "      <td>0.308240</td>\n",
       "      <td>-0.205621</td>\n",
       "      <td>0.160553</td>\n",
       "      <td>0.801646</td>\n",
       "      <td>0.523442</td>\n",
       "      <td>0.764479</td>\n",
       "      <td>0.820455</td>\n",
       "      <td>1.000000</td>\n",
       "      <td>0.026681</td>\n",
       "      <td>0.646678</td>\n",
       "    </tr>\n",
       "    <tr>\n",
       "      <th>phy</th>\n",
       "      <td>0.434448</td>\n",
       "      <td>0.052788</td>\n",
       "      <td>-0.484123</td>\n",
       "      <td>0.107896</td>\n",
       "      <td>0.031079</td>\n",
       "      <td>-0.111590</td>\n",
       "      <td>0.519953</td>\n",
       "      <td>0.312193</td>\n",
       "      <td>0.388696</td>\n",
       "      <td>0.062021</td>\n",
       "      <td>0.491160</td>\n",
       "      <td>-0.121209</td>\n",
       "      <td>0.057520</td>\n",
       "      <td>0.177747</td>\n",
       "      <td>0.026681</td>\n",
       "      <td>1.000000</td>\n",
       "      <td>0.542485</td>\n",
       "    </tr>\n",
       "    <tr>\n",
       "      <th>ova</th>\n",
       "      <td>0.519799</td>\n",
       "      <td>-0.022588</td>\n",
       "      <td>-0.596642</td>\n",
       "      <td>0.433092</td>\n",
       "      <td>0.442666</td>\n",
       "      <td>0.304496</td>\n",
       "      <td>0.547839</td>\n",
       "      <td>0.494590</td>\n",
       "      <td>0.243725</td>\n",
       "      <td>0.038584</td>\n",
       "      <td>0.834331</td>\n",
       "      <td>0.206624</td>\n",
       "      <td>0.492019</td>\n",
       "      <td>0.703290</td>\n",
       "      <td>0.646678</td>\n",
       "      <td>0.542485</td>\n",
       "      <td>1.000000</td>\n",
       "    </tr>\n",
       "  </tbody>\n",
       "</table>\n",
       "</div>"
      ],
      "text/plain": [
       "                  age      foot    growth  attacking     skill  movement  \\\n",
       "age          1.000000  0.014945 -0.854136   0.191137  0.175981 -0.051802   \n",
       "foot         0.014945  1.000000  0.008409  -0.084806 -0.131803 -0.102549   \n",
       "growth      -0.854136  0.008409  1.000000  -0.281668 -0.262893 -0.101370   \n",
       "attacking    0.191137 -0.084806 -0.281668   1.000000  0.928584  0.692493   \n",
       "skill        0.175981 -0.131803 -0.262893   0.928584  1.000000  0.725776   \n",
       "movement    -0.051802 -0.102549 -0.101370   0.692493  0.725776  1.000000   \n",
       "power        0.314169 -0.024835 -0.427800   0.823527  0.753061  0.560489   \n",
       "mentality    0.278804 -0.086075 -0.348028   0.888604  0.885893  0.610661   \n",
       "defending    0.117902 -0.109072 -0.157743   0.311367  0.370432  0.174070   \n",
       "goalkeeping  0.120656  0.098895 -0.050320  -0.769826 -0.716263 -0.563037   \n",
       "base_stats   0.417633 -0.041586 -0.516137   0.425923  0.499657  0.450295   \n",
       "pac         -0.176232 -0.058729  0.019677   0.181119  0.217046  0.705488   \n",
       "sho          0.311175  0.052458 -0.334891   0.349931  0.325009  0.227513   \n",
       "pas          0.402361 -0.055750 -0.439781   0.370180  0.514101  0.307423   \n",
       "dri          0.242675 -0.039937 -0.320569   0.379978  0.486271  0.497619   \n",
       "phy          0.434448  0.052788 -0.484123   0.107896  0.031079 -0.111590   \n",
       "ova          0.519799 -0.022588 -0.596642   0.433092  0.442666  0.304496   \n",
       "\n",
       "                power  mentality  defending  goalkeeping  base_stats  \\\n",
       "age          0.314169   0.278804   0.117902     0.120656    0.417633   \n",
       "foot        -0.024835  -0.086075  -0.109072     0.098895   -0.041586   \n",
       "growth      -0.427800  -0.348028  -0.157743    -0.050320   -0.516137   \n",
       "attacking    0.823527   0.888604   0.311367    -0.769826    0.425923   \n",
       "skill        0.753061   0.885893   0.370432    -0.716263    0.499657   \n",
       "movement     0.560489   0.610661   0.174070    -0.563037    0.450295   \n",
       "power        1.000000   0.823428   0.361816    -0.573683    0.573182   \n",
       "mentality    0.823428   1.000000   0.587906    -0.727656    0.515576   \n",
       "defending    0.361816   0.587906   1.000000    -0.496275    0.221140   \n",
       "goalkeeping -0.573683  -0.727656  -0.496275     1.000000    0.097712   \n",
       "base_stats   0.573182   0.515576   0.221140     0.097712    1.000000   \n",
       "pac          0.157692   0.065620  -0.213725    -0.004254    0.439814   \n",
       "sho          0.374796   0.186766  -0.485337     0.246624    0.617893   \n",
       "pas          0.355994   0.408774   0.061623     0.171304    0.850402   \n",
       "dri          0.332691   0.308240  -0.205621     0.160553    0.801646   \n",
       "phy          0.519953   0.312193   0.388696     0.062021    0.491160   \n",
       "ova          0.547839   0.494590   0.243725     0.038584    0.834331   \n",
       "\n",
       "                  pac       sho       pas       dri       phy       ova  \n",
       "age         -0.176232  0.311175  0.402361  0.242675  0.434448  0.519799  \n",
       "foot        -0.058729  0.052458 -0.055750 -0.039937  0.052788 -0.022588  \n",
       "growth       0.019677 -0.334891 -0.439781 -0.320569 -0.484123 -0.596642  \n",
       "attacking    0.181119  0.349931  0.370180  0.379978  0.107896  0.433092  \n",
       "skill        0.217046  0.325009  0.514101  0.486271  0.031079  0.442666  \n",
       "movement     0.705488  0.227513  0.307423  0.497619 -0.111590  0.304496  \n",
       "power        0.157692  0.374796  0.355994  0.332691  0.519953  0.547839  \n",
       "mentality    0.065620  0.186766  0.408774  0.308240  0.312193  0.494590  \n",
       "defending   -0.213725 -0.485337  0.061623 -0.205621  0.388696  0.243725  \n",
       "goalkeeping -0.004254  0.246624  0.171304  0.160553  0.062021  0.038584  \n",
       "base_stats   0.439814  0.617893  0.850402  0.801646  0.491160  0.834331  \n",
       "pac          1.000000  0.305295  0.248108  0.523442 -0.121209  0.206624  \n",
       "sho          0.305295  1.000000  0.651772  0.764479  0.057520  0.492019  \n",
       "pas          0.248108  0.651772  1.000000  0.820455  0.177747  0.703290  \n",
       "dri          0.523442  0.764479  0.820455  1.000000  0.026681  0.646678  \n",
       "phy         -0.121209  0.057520  0.177747  0.026681  1.000000  0.542485  \n",
       "ova          0.206624  0.492019  0.703290  0.646678  0.542485  1.000000  "
      ]
     },
     "execution_count": 4,
     "metadata": {},
     "output_type": "execute_result"
    }
   ],
   "source": [
    "correlations_matrix = fifa.corr()\n",
    "correlations_matrix"
   ]
  },
  {
   "cell_type": "code",
   "execution_count": 5,
   "id": "b94c832e",
   "metadata": {},
   "outputs": [
    {
     "data": {
